ORDERS BY HOUR OF DAY
==================================================
Hour       Orders     Total Cost     
--------------------------------------------------
0          457        4507.13        
1          416        3997.98        
2          430        4201.03        
3          402        4198.03        
4          421        4131.54        
5          443        4359.24        
6          416        4251.36        
7          433        4391.11        
8          449        4759.39        
9          446        4557.01        
10         400        4131.46        
11         449        4395.75        
12         440        4353.70        
13         446        4452.52        
14         487        4786.32        
15         442        4326.05        
16         398        3880.57        
17         428        4393.48        
18         436        4374.40        
19         451        4567.39        
20         404        4036.02        
21         412        4117.14        
22         440        4387.08        
23         459        4599.13        
